dataT   dataTErr   dataB   dataE   dataTr   dataRALRAR   dataRATRAB   dataSpinRot   Asym_Mu   Asym_MuPosErr   Asym_MuNegErr   Lambda_Mu   Lambda_MuPosErr   Lambda_MuNegErr   freq_Mu1   freq_Mu1PosErr   freq_Mu1NegErr   Asym_muon   Asym_muonPosErr   Asym_muonNegErr   Sigma_muon   Sigma_muonPosErr   Sigma_muonNegErr   field   fieldPosErr   fieldNegErr   ph_LR   ph_LRPosErr   ph_LRNegErr   Alpha_LR   Alpha_LRPosErr   Alpha_LRNegErr   relph_TB   relph_TBPosErr   relph_TBNegErr   relph_TB_Mu   relph_TB_MuPosErr   relph_TB_MuNegErr   Alpha_TB   Alpha_TBPosErr   Alpha_TBNegErr   Zero   ZeroPosErr   ZeroNegErr   freqMu2   freqMu2PosErr   freqMu2NegErr   Asym_MuSiO2   Asym_MuSiO2PosErr   Asym_MuSiO2NegErr   Lambda_MuSiO2   Lambda_MuSiO2PosErr   Lambda_MuSiO2NegErr   freqMuSiO2   freqMuSiO2PosErr   freqMuSiO2NegErr   CHISQ   NDF   CHISQred   RUN
259.999   0.006   4.48   21.9909   16.4945   -0.009   -0.009   -10   0.055   0.064   -0.021   7.2   5.8   -2.7   8.858   0.075   0.084   0.0282   0.0016   -0.0015   0.108   0.025   -0.028   6.03   0.17   0.18   -11.5   2.9   -2.9   0.9996   0.0026   -0.0025   -90   0   0   90   0   0   1.0013   0.0024   -0.0023   0   0   0   10.314   0.094   0.11   0   0   0   0   0   0   0   0   0   8745.7   8897   0.982994   1793
260   0.009   4.48   19.9929   16.4945   -0.009   -0.009   -10   0.037   0.02   -0.011   4.7   2.9   -1.5   8.858   0.075   0.084   0.0306   0.0019   -0.0017   0.137   0.027   -0.028   6.03   0.17   0.18   -11   3   -2.9   1.0026   0.0033   -0.003   -90   0   0   90   0   0   1.0027   0.0025   -0.0024   0   0   0   10.314   0.094   0.11   0   0   0   0   0   0   0   0   0   8745.7   8897   0.982994   1794
260   0.006   4.473   17.9949   16.4945   -0.009   -0.01   -10   0.046   0.017   -0.01   4.7   2   -1.2   8.858   0.075   0.084   0.0341   0.0018   -0.0017   0.212   0.022   -0.02   6.03   0.17   0.18   -13.3   2.4   -2.4   1.0115   0.0031   -0.0029   -90   0   0   90   0   0   0.9954   0.0021   -0.0021   0   0   0   10.314   0.094   0.11   0   0   0   0   0   0   0   0   0   8745.7   8897   0.982994   1795
260   0.007   4.475   15.997   16.4945   -0.009   -0.01   -10   0.0455   0.0104   -0.0083   3.7   1   -0.76   8.858   0.075   0.084   0.036   0.0019   -0.0018   0.21   0.023   -0.022   6.03   0.17   0.18   -6.1   2.4   -2.3   1.0039   0.0033   -0.0031   -90   0   0   90   0   0   1.0009   0.0022   -0.0021   0   0   0   10.314   0.094   0.11   0   0   0   0   0   0   0   0   0   8745.7   8897   0.982994   1796
260   0.007   4.476   13.9907   16.4945   -0.01   -0.01   -10   0.0258   0.0126   0.0087   2   1.4   0.87   10.16   0.12   0.1   0.0404   0.0039   0.0032   0.181   0.032   0.03   6.05   0.41   0.46   -0.6   4.5   4.4   0.9992   0.0061   0.0047   -90   0   0   90   0   0   1.0043   0.0052   0.0047   0   0   0   8.91   0.1   0.165   0   0   0   0   0   0   0   0   0   2038.1   2222   0.9172   1797
260   0.007   4.479   11.9929   16.4945   -0.009   -0.009   -10   0   0   0   0   0   0   9.2   9.9   9.9   0.0499   0.0008   0.0008   0.1606   0.0092   0.0092   7.0309   0.0077   0.0077   -7.81   0.57   0.57   0.995   0.0015   0.0015   -90   0   0   90   0   0   0.9879   0.0009   0.0009   0   0   0   -77.1   33.7   33.7   0.053   0.013   0.013   1.63   0.53   0.53   0   0   0   2197.2   2222   0.9888   1798
260   0.008   4.477   9.995   16.4945   -0.009   -0.009   -10   0   0   0   0   0   0   8.4   2.1   8.4   0.0589   0.0011   0.0011   0.119   0.01   0.01   7.004   0.013   0.014   -5   0.83   0.83   0.989   0.0018   0.0018   -90   0   0   90   0   0   0.9878   0.0016   0.0016   0   0   0   9.2   1.4   1.4   0.0855   0.0073   0.0067   1.53   0.2   0.17   0   0   0   2299.1001   2222   1.0347   1799
260   0.006   4.472   8.9961   16.4945   -0.01   -0.009   -10   0   0   0   0   0   0   10.214   0   0   0.0701   0.0011   0.001   0.0972   0.0091   0.0097   7.327   0.011   0.011   -3.59   0.67   0.67   0.9619   0.0017   0.0017   -90   0   0   90   0   0   0.988   0.0016   0.0016   0   0   0   6.764   0   0   0.0732   0.0055   0.0052   1.25   0.14   0.13   0   0   0   2343.2   2224   1.0536   1788
260   0.006   4.468   6.9983   16.4945   -0.01   -0.009   -10   0   0   0   0   0   0   10.214   0   0   0.0708   0.0011   0.0011   0.106   0.0086   0.009   7.295   0.016   0.017   -0.84   0.69   0.69   0.9535   0.0017   0.0017   -90   0   0   90   0   0   0.9884   0.0016   0.0016   0   0   0   6.764   0   0   0.0681   0.0064   0.0059   1.6   0.2   0.18   0   0   0   2271.8   2224   1.0215   1787
