% xData0 , data0, errData0, xTheory0 , theory0
7.9819, 0.4934, 0.0087, 0, 0
5.9798, 0.512, 0.0091, 0.022, 0
3.9811, 0.4923, 0.0096, 0.044, 0
9.9805, 0.4956, 0.008, 0.066, 0
10.9813, 0.4743, 0.0079, 0.088, 0
11.9834, 0.4315, 0.0074, 0.11, 0.4945
12.9803, 0.3961, 0.0074, 0.132, 0.4945
13.9946, 0.3378, 0.0069, 0.154, 0.4945
14.9936, 0.3242, 0.0073, 0.176, 0.4945
15.9956, 0.3098, 0.0064, 0.198, 0.4945
17.9965, 0.2793, 0.0064, 0.22, 0.4945
19.9949, 0.2666, 0.0064, 0.242, 0.4945
 , , , 0.264, 0.4945
 , , , 0.286, 0.4945
 , , , 0.308, 0.4945
 , , , 0.33, 0.4945
 , , , 0.352, 0.4945
 , , , 0.374, 0.4945
 , , , 0.396, 0.4945
 , , , 0.418, 0.4945
 , , , 0.44, 0.4945
 , , , 0.462, 0.4945
 , , , 0.484, 0.4945
 , , , 0.506, 0.4945
 , , , 0.528, 0.4945
 , , , 0.55, 0.4945
 , , , 0.572, 0.4945
 , , , 0.594, 0.4945
 , , , 0.616, 0.4945
 , , , 0.638, 0.4945
 , , , 0.66, 0.4945
 , , , 0.682, 0.4945
 , , , 0.704, 0.4945
 , , , 0.726, 0.4945
 , , , 0.748, 0.4945
 , , , 0.77, 0.4945
 , , , 0.792, 0.4945
 , , , 0.814, 0.4945
 , , , 0.836, 0.4945
 , , , 0.858, 0.4945
 , , , 0.88, 0.4945
 , , , 0.902, 0.4945
 , , , 0.924, 0.4945
 , , , 0.946, 0.4945
 , , , 0.968, 0.4945
 , , , 0.99, 0.4945
 , , , 1.012, 0.4945
 , , , 1.034, 0.4945
 , , , 1.056, 0.4945
 , , , 1.078, 0.4945
 , , , 1.1, 0.4945
 , , , 1.122, 0.4945
 , , , 1.144, 0.4945
 , , , 1.166, 0.4945
 , , , 1.188, 0.4945
 , , , 1.21, 0.4945
 , , , 1.232, 0.4945
 , , , 1.254, 0.4945
 , , , 1.276, 0.4945
 , , , 1.298, 0.4945
 , , , 1.32, 0.4945
 , , , 1.342, 0.4945
 , , , 1.364, 0.4945
 , , , 1.386, 0.4945
 , , , 1.408, 0.4945
 , , , 1.43, 0.4945
 , , , 1.452, 0.4945
 , , , 1.474, 0.4945
 , , , 1.496, 0.4945
 , , , 1.518, 0.4945
 , , , 1.54, 0.4945
 , , , 1.562, 0.4945
 , , , 1.584, 0.4945
 , , , 1.606, 0.4945
 , , , 1.628, 0.4945
 , , , 1.65, 0.4945
 , , , 1.672, 0.4945
 , , , 1.694, 0.4945
 , , , 1.716, 0.4945
 , , , 1.738, 0.4945
 , , , 1.76, 0.4945
 , , , 1.782, 0.4945
 , , , 1.804, 0.4945
 , , , 1.826, 0.4945
 , , , 1.848, 0.4945
 , , , 1.87, 0.4945
 , , , 1.892, 0.4945
 , , , 1.914, 0.4945
 , , , 1.936, 0.4945
 , , , 1.958, 0.4945
 , , , 1.98, 0.4945
 , , , 2.002, 0.4945
 , , , 2.024, 0.4945
 , , , 2.046, 0.4945
 , , , 2.068, 0.4945
 , , , 2.09, 0.4945
 , , , 2.112, 0.4945
 , , , 2.134, 0.4945
 , , , 2.156, 0.4945
 , , , 2.178, 0.4945
 , , , 2.2, 0.4945
 , , , 2.222, 0.4945
 , , , 2.244, 0.4945
 , , , 2.266, 0.4945
 , , , 2.288, 0.4945
 , , , 2.31, 0.4945
 , , , 2.332, 0.4945
 , , , 2.354, 0.4945
 , , , 2.376, 0.4945
 , , , 2.398, 0.4945
 , , , 2.42, 0.4945
 , , , 2.442, 0.4945
 , , , 2.464, 0.4945
 , , , 2.486, 0.4945
 , , , 2.508, 0.4945
 , , , 2.53, 0.4945
 , , , 2.552, 0.4945
 , , , 2.574, 0.4945
 , , , 2.596, 0.4945
 , , , 2.618, 0.4945
 , , , 2.64, 0.4945
 , , , 2.662, 0.4945
 , , , 2.684, 0.4945
 , , , 2.706, 0.4945
 , , , 2.728, 0.4945
 , , , 2.75, 0.4945
 , , , 2.772, 0.4945
 , , , 2.794, 0.4945
 , , , 2.816, 0.4945
 , , , 2.838, 0.4945
 , , , 2.86, 0.4945
 , , , 2.882, 0.4945
 , , , 2.904, 0.4945
 , , , 2.926, 0.4945
 , , , 2.948, 0.4945
 , , , 2.97, 0.4945
 , , , 2.992, 0.4945
 , , , 3.014, 0.4945
 , , , 3.036, 0.4945
 , , , 3.058, 0.4945
 , , , 3.08, 0.4945
 , , , 3.102, 0.4945
 , , , 3.124, 0.4945
 , , , 3.146, 0.4945
 , , , 3.168, 0.4945
 , , , 3.19, 0.4945
 , , , 3.212, 0.4945
 , , , 3.234, 0.4945
 , , , 3.256, 0.4945
 , , , 3.278, 0.4945
 , , , 3.3, 0.4945
 , , , 3.322, 0.4945
 , , , 3.344, 0.4945
 , , , 3.366, 0.4945
 , , , 3.388, 0.4945
 , , , 3.41, 0.4945
 , , , 3.432, 0.4945
 , , , 3.454, 0.4945
 , , , 3.476, 0.4945
 , , , 3.498, 0.4945
 , , , 3.52, 0.4945
 , , , 3.542, 0.4945
 , , , 3.564, 0.4945
 , , , 3.586, 0.4945
 , , , 3.608, 0.4945
 , , , 3.63, 0.4945
 , , , 3.652, 0.4945
 , , , 3.674, 0.4945
 , , , 3.696, 0.4945
 , , , 3.718, 0.4945
 , , , 3.74, 0.4945
 , , , 3.762, 0.4945
 , , , 3.784, 0.4945
 , , , 3.806, 0.4945
 , , , 3.828, 0.4945
 , , , 3.85, 0.4945
 , , , 3.872, 0.4945
 , , , 3.894, 0.4945
 , , , 3.916, 0.4945
 , , , 3.938, 0.4945
 , , , 3.96, 0.4945
 , , , 3.982, 0.4945
 , , , 4.004, 0.4945
 , , , 4.026, 0.4945
 , , , 4.048, 0.4945
 , , , 4.07, 0.4945
 , , , 4.092, 0.4945
 , , , 4.114, 0.4945
 , , , 4.136, 0.4945
 , , , 4.158, 0.4945
 , , , 4.18, 0.4945
 , , , 4.202, 0.4945
 , , , 4.224, 0.4945
 , , , 4.246, 0.4945
 , , , 4.268, 0.4945
 , , , 4.29, 0.4945
 , , , 4.312, 0.4945
 , , , 4.334, 0.4945
 , , , 4.356, 0.4945
 , , , 4.378, 0.4945
 , , , 4.4, 0.4945
 , , , 4.422, 0.4945
 , , , 4.444, 0.4945
 , , , 4.466, 0.4945
 , , , 4.488, 0.4945
 , , , 4.51, 0.4945
 , , , 4.532, 0.4945
 , , , 4.554, 0.4945
 , , , 4.576, 0.4945
 , , , 4.598, 0.4945
 , , , 4.62, 0.4945
 , , , 4.642, 0.4945
 , , , 4.664, 0.4945
 , , , 4.686, 0.4945
 , , , 4.708, 0.4945
 , , , 4.73, 0.4945
 , , , 4.752, 0.4945
 , , , 4.774, 0.4945
 , , , 4.796, 0.4945
 , , , 4.818, 0.4945
 , , , 4.84, 0.4945
 , , , 4.862, 0.4945
 , , , 4.884, 0.4945
 , , , 4.906, 0.4945
 , , , 4.928, 0.4945
 , , , 4.95, 0.4945
 , , , 4.972, 0.4945
 , , , 4.994, 0.4945
 , , , 5.016, 0.4945
 , , , 5.038, 0.4945
 , , , 5.06, 0.4945
 , , , 5.082, 0.4945
 , , , 5.104, 0.4945
 , , , 5.126, 0.4945
 , , , 5.148, 0.4945
 , , , 5.17, 0.4945
 , , , 5.192, 0.4945
 , , , 5.214, 0.4945
 , , , 5.236, 0.4945
 , , , 5.258, 0.4945
 , , , 5.28, 0.4945
 , , , 5.302, 0.4945
 , , , 5.324, 0.4945
 , , , 5.346, 0.4945
 , , , 5.368, 0.4945
 , , , 5.39, 0.4945
 , , , 5.412, 0.4945
 , , , 5.434, 0.4945
 , , , 5.456, 0.4945
 , , , 5.478, 0.4945
 , , , 5.5, 0.4945
 , , , 5.522, 0.4945
 , , , 5.544, 0.4945
 , , , 5.566, 0.4945
 , , , 5.588, 0.4945
 , , , 5.61, 0.4945
 , , , 5.632, 0.4945
 , , , 5.654, 0.4945
 , , , 5.676, 0.4945
 , , , 5.698, 0.4945
 , , , 5.72, 0.4945
 , , , 5.742, 0.4945
 , , , 5.764, 0.4945
 , , , 5.786, 0.4945
 , , , 5.808, 0.4945
 , , , 5.83, 0.4945
 , , , 5.852, 0.4945
 , , , 5.874, 0.4945
 , , , 5.896, 0.4945
 , , , 5.918, 0.4945
 , , , 5.94, 0.4945
 , , , 5.962, 0.4945
 , , , 5.984, 0.4945
 , , , 6.006, 0.4945
 , , , 6.028, 0.4945
 , , , 6.05, 0.4945
 , , , 6.072, 0.4945
 , , , 6.094, 0.4945
 , , , 6.116, 0.4945
 , , , 6.138, 0.4945
 , , , 6.16, 0.4945
 , , , 6.182, 0.4945
 , , , 6.204, 0.4945
 , , , 6.226, 0.4945
 , , , 6.248, 0.4945
 , , , 6.27, 0.4945
 , , , 6.292, 0.4945
 , , , 6.314, 0.4945
 , , , 6.336, 0.4945
 , , , 6.358, 0.4945
 , , , 6.38, 0.4945
 , , , 6.402, 0.4945
 , , , 6.424, 0.4945
 , , , 6.446, 0.4945
 , , , 6.468, 0.4945
 , , , 6.49, 0.4945
 , , , 6.512, 0.4945
 , , , 6.534, 0.4945
 , , , 6.556, 0.4945
 , , , 6.578, 0.4945
 , , , 6.6, 0.4945
 , , , 6.622, 0.4945
 , , , 6.644, 0.4945
 , , , 6.666, 0.4945
 , , , 6.688, 0.4945
 , , , 6.71, 0.4945
 , , , 6.732, 0.4945
 , , , 6.754, 0.4945
 , , , 6.776, 0.4945
 , , , 6.798, 0.4945
 , , , 6.82, 0.4945
 , , , 6.842, 0.4945
 , , , 6.864, 0.4945
 , , , 6.886, 0.4945
 , , , 6.908, 0.4945
 , , , 6.93, 0.4945
 , , , 6.952, 0.4945
 , , , 6.974, 0.4945
 , , , 6.996, 0.4945
 , , , 7.018, 0.4945
 , , , 7.04, 0.4945
 , , , 7.062, 0.4945
 , , , 7.084, 0.4945
 , , , 7.106, 0.4945
 , , , 7.128, 0.4945
 , , , 7.15, 0.4945
 , , , 7.172, 0.4945
 , , , 7.194, 0.4945
 , , , 7.216, 0.4945
 , , , 7.238, 0.4945
 , , , 7.26, 0.4945
 , , , 7.282, 0.4945
 , , , 7.304, 0.4945
 , , , 7.326, 0.4945
 , , , 7.348, 0.4945
 , , , 7.37, 0.4945
 , , , 7.392, 0.4945
 , , , 7.414, 0.4945
 , , , 7.436, 0.4945
 , , , 7.458, 0.4945
 , , , 7.48, 0.4945
 , , , 7.502, 0.4945
 , , , 7.524, 0.4945
 , , , 7.546, 0.4945
 , , , 7.568, 0.4945
 , , , 7.59, 0.4945
 , , , 7.612, 0.4945
 , , , 7.634, 0.4945
 , , , 7.656, 0.4945
 , , , 7.678, 0.4945
 , , , 7.7, 0.4945
 , , , 7.722, 0.4945
 , , , 7.744, 0.4945
 , , , 7.766, 0.4945
 , , , 7.788, 0.4945
 , , , 7.81, 0.4945
 , , , 7.832, 0.4945
 , , , 7.854, 0.4945
 , , , 7.876, 0.4945
 , , , 7.898, 0.4945
 , , , 7.92, 0.4945
 , , , 7.942, 0.4945
 , , , 7.964, 0.4945
 , , , 7.986, 0.4945
 , , , 8.008, 0.4945
 , , , 8.03, 0.4945
 , , , 8.052, 0.4945
 , , , 8.074, 0.4945
 , , , 8.096, 0.4945
 , , , 8.118, 0.4945
 , , , 8.14, 0.4945
 , , , 8.162, 0.4945
 , , , 8.184, 0.4945
 , , , 8.206, 0.4945
 , , , 8.228, 0.4945
 , , , 8.25, 0.4945
 , , , 8.272, 0.4945
 , , , 8.294, 0.4945
 , , , 8.316, 0.4945
 , , , 8.338, 0.4945
 , , , 8.36, 0.4945
 , , , 8.382, 0.4945
 , , , 8.404, 0.4945
 , , , 8.426, 0.4945
 , , , 8.448, 0.4945
 , , , 8.47, 0.4945
 , , , 8.492, 0.4945
 , , , 8.514, 0.4945
 , , , 8.536, 0.4945
 , , , 8.558, 0.4945
 , , , 8.58, 0.4945
 , , , 8.602, 0.4945
 , , , 8.624, 0.4945
 , , , 8.646, 0.4945
 , , , 8.668, 0.4945
 , , , 8.69, 0.4945
 , , , 8.712, 0.4945
 , , , 8.734, 0.4945
 , , , 8.756, 0.4945
 , , , 8.778, 0.4945
 , , , 8.8, 0.4945
 , , , 8.822, 0.4945
 , , , 8.844, 0.4945
 , , , 8.866, 0.4945
 , , , 8.888, 0.4945
 , , , 8.91, 0.4945
 , , , 8.932, 0.4945
 , , , 8.954, 0.4945
 , , , 8.976, 0.4945
 , , , 8.998, 0.4945
 , , , 9.02, 0.4945
 , , , 9.042, 0.4945
 , , , 9.064, 0.4945
 , , , 9.086, 0.4945
 , , , 9.108, 0.4945
 , , , 9.13, 0.4945
 , , , 9.152, 0.4945
 , , , 9.174, 0.4945
 , , , 9.196, 0.4945
 , , , 9.218, 0.4945
 , , , 9.24, 0.4945
 , , , 9.262, 0.4945
 , , , 9.284, 0.4945
 , , , 9.306, 0.4945
 , , , 9.328, 0.4945
 , , , 9.35, 0.4945
 , , , 9.372, 0.4945
 , , , 9.394, 0.4945
 , , , 9.416, 0.4945
 , , , 9.438, 0.4945
 , , , 9.46, 0.4945
 , , , 9.482, 0.4945
 , , , 9.504, 0.4945
 , , , 9.526, 0.4945
 , , , 9.548, 0.4945
 , , , 9.57, 0.4945
 , , , 9.592, 0.4945
 , , , 9.614, 0.4945
 , , , 9.636, 0.4945
 , , , 9.658, 0.4945
 , , , 9.68, 0.4945
 , , , 9.702, 0.4945
 , , , 9.724, 0.4945
 , , , 9.746, 0.4945
 , , , 9.768, 0.4945
 , , , 9.79, 0.4945
 , , , 9.812, 0.4945
 , , , 9.834, 0.4945
 , , , 9.856, 0.4945
 , , , 9.878, 0.4945
 , , , 9.9, 0.493849479
 , , , 9.922, 0.493849479
 , , , 9.944, 0.493849479
 , , , 9.966, 0.493849479
 , , , 9.988, 0.493849479
 , , , 10.01, 0.493849479
 , , , 10.032, 0.493849479
 , , , 10.054, 0.493849479
 , , , 10.076, 0.493849479
 , , , 10.098, 0.493849479
 , , , 10.12, 0.493849479
 , , , 10.142, 0.493849479
 , , , 10.164, 0.493849479
 , , , 10.186, 0.493849479
 , , , 10.208, 0.493849479
 , , , 10.23, 0.493849479
 , , , 10.252, 0.493849479
 , , , 10.274, 0.493849479
 , , , 10.296, 0.493849479
 , , , 10.318, 0.493849479
 , , , 10.34, 0.493849479
 , , , 10.362, 0.493849479
 , , , 10.384, 0.493849479
 , , , 10.406, 0.493849479
 , , , 10.428, 0.493849479
 , , , 10.45, 0.493849479
 , , , 10.472, 0.493849479
 , , , 10.494, 0.493849479
 , , , 10.516, 0.493849479
 , , , 10.538, 0.493849479
 , , , 10.56, 0.493849479
 , , , 10.582, 0.493849479
 , , , 10.604, 0.493849479
 , , , 10.626, 0.493849479
 , , , 10.648, 0.493849479
 , , , 10.67, 0.493849479
 , , , 10.692, 0.493849479
 , , , 10.714, 0.493849479
 , , , 10.736, 0.493849479
 , , , 10.758, 0.493849479
 , , , 10.78, 0.493849479
 , , , 10.802, 0.493849479
 , , , 10.824, 0.493849479
 , , , 10.846, 0.493849479
 , , , 10.868, 0.493849479
 , , , 10.89, 0.493849479
 , , , 10.912, 0.481589163
 , , , 10.934, 0.481589163
 , , , 10.956, 0.481589163
 , , , 10.978, 0.481589163
 , , , 11, 0.481589163
 , , , 11.022, 0.481589163
 , , , 11.044, 0.481589163
 , , , 11.066, 0.481589163
 , , , 11.088, 0.481589163
 , , , 11.11, 0.481589163
 , , , 11.132, 0.481589163
 , , , 11.154, 0.481589163
 , , , 11.176, 0.481589163
 , , , 11.198, 0.481589163
 , , , 11.22, 0.481589163
 , , , 11.242, 0.481589163
 , , , 11.264, 0.481589163
 , , , 11.286, 0.481589163
 , , , 11.308, 0.481589163
 , , , 11.33, 0.481589163
 , , , 11.352, 0.481589163
 , , , 11.374, 0.481589163
 , , , 11.396, 0.481589163
 , , , 11.418, 0.481589163
 , , , 11.44, 0.481589163
 , , , 11.462, 0.481589163
 , , , 11.484, 0.481589163
 , , , 11.506, 0.481589163
 , , , 11.528, 0.481589163
 , , , 11.55, 0.481589163
 , , , 11.572, 0.481589163
 , , , 11.594, 0.481589163
 , , , 11.616, 0.481589163
 , , , 11.638, 0.481589163
 , , , 11.66, 0.481589163
 , , , 11.682, 0.481589163
 , , , 11.704, 0.481589163
 , , , 11.726, 0.481589163
 , , , 11.748, 0.481589163
 , , , 11.77, 0.481589163
 , , , 11.792, 0.481589163
 , , , 11.814, 0.481589163
 , , , 11.836, 0.481589163
 , , , 11.858, 0.481589163
 , , , 11.88, 0.481589163
 , , , 11.902, 0.441585417
 , , , 11.924, 0.441585417
 , , , 11.946, 0.441585417
 , , , 11.968, 0.441585417
 , , , 11.99, 0.441585417
 , , , 12.012, 0.441585417
 , , , 12.034, 0.441585417
 , , , 12.056, 0.441585417
 , , , 12.078, 0.441585417
 , , , 12.1, 0.441585417
 , , , 12.122, 0.441585417
 , , , 12.144, 0.441585417
 , , , 12.166, 0.441585417
 , , , 12.188, 0.441585417
 , , , 12.21, 0.441585417
 , , , 12.232, 0.441585417
 , , , 12.254, 0.441585417
 , , , 12.276, 0.441585417
 , , , 12.298, 0.441585417
 , , , 12.32, 0.441585417
 , , , 12.342, 0.441585417
 , , , 12.364, 0.441585417
 , , , 12.386, 0.441585417
 , , , 12.408, 0.441585417
 , , , 12.43, 0.441585417
 , , , 12.452, 0.441585417
 , , , 12.474, 0.441585417
 , , , 12.496, 0.441585417
 , , , 12.518, 0.441585417
 , , , 12.54, 0.441585417
 , , , 12.562, 0.441585417
 , , , 12.584, 0.441585417
 , , , 12.606, 0.441585417
 , , , 12.628, 0.441585417
 , , , 12.65, 0.441585417
 , , , 12.672, 0.441585417
 , , , 12.694, 0.441585417
 , , , 12.716, 0.441585417
 , , , 12.738, 0.441585417
 , , , 12.76, 0.441585417
 , , , 12.782, 0.441585417
 , , , 12.804, 0.441585417
 , , , 12.826, 0.441585417
 , , , 12.848, 0.441585417
 , , , 12.87, 0.441585417
 , , , 12.892, 0.441585417
 , , , 12.914, 0.389503336
 , , , 12.936, 0.389503336
 , , , 12.958, 0.389503336
 , , , 12.98, 0.389503336
 , , , 13.002, 0.389503336
 , , , 13.024, 0.389503336
 , , , 13.046, 0.389503336
 , , , 13.068, 0.389503336
 , , , 13.09, 0.389503336
 , , , 13.112, 0.389503336
 , , , 13.134, 0.389503336
 , , , 13.156, 0.389503336
 , , , 13.178, 0.389503336
 , , , 13.2, 0.389503336
 , , , 13.222, 0.389503336
 , , , 13.244, 0.389503336
 , , , 13.266, 0.389503336
 , , , 13.288, 0.389503336
 , , , 13.31, 0.389503336
 , , , 13.332, 0.389503336
 , , , 13.354, 0.389503336
 , , , 13.376, 0.389503336
 , , , 13.398, 0.389503336
 , , , 13.42, 0.389503336
 , , , 13.442, 0.389503336
 , , , 13.464, 0.389503336
 , , , 13.486, 0.389503336
 , , , 13.508, 0.389503336
 , , , 13.53, 0.389503336
 , , , 13.552, 0.389503336
 , , , 13.574, 0.389503336
 , , , 13.596, 0.389503336
 , , , 13.618, 0.389503336
 , , , 13.64, 0.389503336
 , , , 13.662, 0.389503336
 , , , 13.684, 0.389503336
 , , , 13.706, 0.389503336
 , , , 13.728, 0.389503336
 , , , 13.75, 0.389503336
 , , , 13.772, 0.389503336
 , , , 13.794, 0.389503336
 , , , 13.816, 0.389503336
 , , , 13.838, 0.389503336
 , , , 13.86, 0.389503336
 , , , 13.882, 0.389503336
 , , , 13.904, 0.34751837
 , , , 13.926, 0.34751837
 , , , 13.948, 0.34751837
 , , , 13.97, 0.34751837
 , , , 13.992, 0.34751837
 , , , 14.014, 0.34751837
 , , , 14.036, 0.34751837
 , , , 14.058, 0.34751837
 , , , 14.08, 0.34751837
 , , , 14.102, 0.34751837
 , , , 14.124, 0.34751837
 , , , 14.146, 0.34751837
 , , , 14.168, 0.34751837
 , , , 14.19, 0.34751837
 , , , 14.212, 0.34751837
 , , , 14.234, 0.34751837
 , , , 14.256, 0.34751837
 , , , 14.278, 0.34751837
 , , , 14.3, 0.34751837
 , , , 14.322, 0.34751837
 , , , 14.344, 0.34751837
 , , , 14.366, 0.34751837
 , , , 14.388, 0.34751837
 , , , 14.41, 0.34751837
 , , , 14.432, 0.34751837
 , , , 14.454, 0.34751837
 , , , 14.476, 0.34751837
 , , , 14.498, 0.34751837
 , , , 14.52, 0.34751837
 , , , 14.542, 0.34751837
 , , , 14.564, 0.34751837
 , , , 14.586, 0.34751837
 , , , 14.608, 0.34751837
 , , , 14.63, 0.34751837
 , , , 14.652, 0.34751837
 , , , 14.674, 0.34751837
 , , , 14.696, 0.34751837
 , , , 14.718, 0.34751837
 , , , 14.74, 0.34751837
 , , , 14.762, 0.34751837
 , , , 14.784, 0.34751837
 , , , 14.806, 0.34751837
 , , , 14.828, 0.34751837
 , , , 14.85, 0.34751837
 , , , 14.872, 0.34751837
 , , , 14.894, 0.34751837
 , , , 14.916, 0.317359337
 , , , 14.938, 0.317359337
 , , , 14.96, 0.317359337
 , , , 14.982, 0.317359337
 , , , 15.004, 0.317359337
 , , , 15.026, 0.317359337
 , , , 15.048, 0.317359337
 , , , 15.07, 0.317359337
 , , , 15.092, 0.317359337
 , , , 15.114, 0.317359337
 , , , 15.136, 0.317359337
 , , , 15.158, 0.317359337
 , , , 15.18, 0.317359337
 , , , 15.202, 0.317359337
 , , , 15.224, 0.317359337
 , , , 15.246, 0.317359337
 , , , 15.268, 0.317359337
 , , , 15.29, 0.317359337
 , , , 15.312, 0.317359337
 , , , 15.334, 0.317359337
 , , , 15.356, 0.317359337
 , , , 15.378, 0.317359337
 , , , 15.4, 0.317359337
 , , , 15.422, 0.317359337
 , , , 15.444, 0.317359337
 , , , 15.466, 0.317359337
 , , , 15.488, 0.317359337
 , , , 15.51, 0.317359337
 , , , 15.532, 0.317359337
 , , , 15.554, 0.317359337
 , , , 15.576, 0.317359337
 , , , 15.598, 0.317359337
 , , , 15.62, 0.317359337
 , , , 15.642, 0.317359337
 , , , 15.664, 0.317359337
 , , , 15.686, 0.317359337
 , , , 15.708, 0.317359337
 , , , 15.73, 0.317359337
 , , , 15.752, 0.317359337
 , , , 15.774, 0.317359337
 , , , 15.796, 0.317359337
 , , , 15.818, 0.317359337
 , , , 15.84, 0.317359337
 , , , 15.862, 0.317359337
 , , , 15.884, 0.317359337
 , , , 15.906, 0.30045831
 , , , 15.928, 0.30045831
 , , , 15.95, 0.30045831
 , , , 15.972, 0.30045831
 , , , 15.994, 0.30045831
 , , , 16.016, 0.30045831
 , , , 16.038, 0.30045831
 , , , 16.06, 0.30045831
 , , , 16.082, 0.30045831
 , , , 16.104, 0.30045831
 , , , 16.126, 0.30045831
 , , , 16.148, 0.30045831
 , , , 16.17, 0.30045831
 , , , 16.192, 0.30045831
 , , , 16.214, 0.30045831
 , , , 16.236, 0.30045831
 , , , 16.258, 0.30045831
 , , , 16.28, 0.30045831
 , , , 16.302, 0.30045831
 , , , 16.324, 0.30045831
 , , , 16.346, 0.30045831
 , , , 16.368, 0.30045831
 , , , 16.39, 0.30045831
 , , , 16.412, 0.30045831
 , , , 16.434, 0.30045831
 , , , 16.456, 0.30045831
 , , , 16.478, 0.30045831
 , , , 16.5, 0.30045831
 , , , 16.522, 0.30045831
 , , , 16.544, 0.30045831
 , , , 16.566, 0.30045831
 , , , 16.588, 0.30045831
 , , , 16.61, 0.30045831
 , , , 16.632, 0.30045831
 , , , 16.654, 0.30045831
 , , , 16.676, 0.30045831
 , , , 16.698, 0.30045831
 , , , 16.72, 0.30045831
 , , , 16.742, 0.30045831
 , , , 16.764, 0.30045831
 , , , 16.786, 0.30045831
 , , , 16.808, 0.30045831
 , , , 16.83, 0.30045831
 , , , 16.852, 0.30045831
 , , , 16.874, 0.30045831
 , , , 16.896, 0.30045831
 , , , 16.918, 0.287495788
 , , , 16.94, 0.287495788
 , , , 16.962, 0.287495788
 , , , 16.984, 0.287495788
 , , , 17.006, 0.287495788
 , , , 17.028, 0.287495788
 , , , 17.05, 0.287495788
 , , , 17.072, 0.287495788
 , , , 17.094, 0.287495788
 , , , 17.116, 0.287495788
 , , , 17.138, 0.287495788
 , , , 17.16, 0.287495788
 , , , 17.182, 0.287495788
 , , , 17.204, 0.287495788
 , , , 17.226, 0.287495788
 , , , 17.248, 0.287495788
 , , , 17.27, 0.287495788
 , , , 17.292, 0.287495788
 , , , 17.314, 0.287495788
 , , , 17.336, 0.287495788
 , , , 17.358, 0.287495788
 , , , 17.38, 0.287495788
 , , , 17.402, 0.287495788
 , , , 17.424, 0.287495788
 , , , 17.446, 0.287495788
 , , , 17.468, 0.287495788
 , , , 17.49, 0.287495788
 , , , 17.512, 0.287495788
 , , , 17.534, 0.287495788
 , , , 17.556, 0.287495788
 , , , 17.578, 0.287495788
 , , , 17.6, 0.287495788
 , , , 17.622, 0.287495788
 , , , 17.644, 0.287495788
 , , , 17.666, 0.287495788
 , , , 17.688, 0.287495788
 , , , 17.71, 0.287495788
 , , , 17.732, 0.287495788
 , , , 17.754, 0.287495788
 , , , 17.776, 0.287495788
 , , , 17.798, 0.287495788
 , , , 17.82, 0.287495788
 , , , 17.842, 0.287495788
 , , , 17.864, 0.287495788
 , , , 17.886, 0.287495788
 , , , 17.908, 0.28071785
 , , , 17.93, 0.28071785
 , , , 17.952, 0.28071785
 , , , 17.974, 0.28071785
 , , , 17.996, 0.28071785
 , , , 18.018, 0.28071785
 , , , 18.04, 0.28071785
 , , , 18.062, 0.28071785
 , , , 18.084, 0.28071785
 , , , 18.106, 0.28071785
 , , , 18.128, 0.28071785
 , , , 18.15, 0.28071785
 , , , 18.172, 0.28071785
 , , , 18.194, 0.28071785
 , , , 18.216, 0.28071785
 , , , 18.238, 0.28071785
 , , , 18.26, 0.28071785
 , , , 18.282, 0.28071785
 , , , 18.304, 0.28071785
 , , , 18.326, 0.28071785
 , , , 18.348, 0.28071785
 , , , 18.37, 0.28071785
 , , , 18.392, 0.28071785
 , , , 18.414, 0.28071785
 , , , 18.436, 0.28071785
 , , , 18.458, 0.28071785
 , , , 18.48, 0.28071785
 , , , 18.502, 0.28071785
 , , , 18.524, 0.28071785
 , , , 18.546, 0.28071785
 , , , 18.568, 0.28071785
 , , , 18.59, 0.28071785
 , , , 18.612, 0.28071785
 , , , 18.634, 0.28071785
 , , , 18.656, 0.28071785
 , , , 18.678, 0.28071785
 , , , 18.7, 0.28071785
 , , , 18.722, 0.28071785
 , , , 18.744, 0.28071785
 , , , 18.766, 0.28071785
 , , , 18.788, 0.28071785
 , , , 18.81, 0.28071785
 , , , 18.832, 0.28071785
 , , , 18.854, 0.28071785
 , , , 18.876, 0.28071785
 , , , 18.898, 0.28071785
 , , , 18.92, 0.276189917
 , , , 18.942, 0.276189917
 , , , 18.964, 0.276189917
 , , , 18.986, 0.276189917
 , , , 19.008, 0.276189917
 , , , 19.03, 0.276189917
 , , , 19.052, 0.276189917
 , , , 19.074, 0.276189917
 , , , 19.096, 0.276189917
 , , , 19.118, 0.276189917
 , , , 19.14, 0.276189917
 , , , 19.162, 0.276189917
 , , , 19.184, 0.276189917
 , , , 19.206, 0.276189917
 , , , 19.228, 0.276189917
 , , , 19.25, 0.276189917
 , , , 19.272, 0.276189917
 , , , 19.294, 0.276189917
 , , , 19.316, 0.276189917
 , , , 19.338, 0.276189917
 , , , 19.36, 0.276189917
 , , , 19.382, 0.276189917
 , , , 19.404, 0.276189917
 , , , 19.426, 0.276189917
 , , , 19.448, 0.276189917
 , , , 19.47, 0.276189917
 , , , 19.492, 0.276189917
 , , , 19.514, 0.276189917
 , , , 19.536, 0.276189917
 , , , 19.558, 0.276189917
 , , , 19.58, 0.276189917
 , , , 19.602, 0.276189917
 , , , 19.624, 0.276189917
 , , , 19.646, 0.276189917
 , , , 19.668, 0.276189917
 , , , 19.69, 0.276189917
 , , , 19.712, 0.276189917
 , , , 19.734, 0.276189917
 , , , 19.756, 0.276189917
 , , , 19.778, 0.276189917
 , , , 19.8, 0.276189917
 , , , 19.822, 0.276189917
 , , , 19.844, 0.276189917
 , , , 19.866, 0.276189917
 , , , 19.888, 0.276189917
 , , , 19.91, 0.272405116
 , , , 19.932, 0.272405116
 , , , 19.954, 0.272405116
 , , , 19.976, 0.272405116
 , , , 19.998, 0.272405116
 , , , 20.02, 0.272405116
 , , , 20.042, 0.272405116
 , , , 20.064, 0.272405116
 , , , 20.086, 0.272405116
 , , , 20.108, 0.272405116
 , , , 20.13, 0.272405116
 , , , 20.152, 0.272405116
 , , , 20.174, 0.272405116
 , , , 20.196, 0.272405116
 , , , 20.218, 0.272405116
 , , , 20.24, 0.272405116
 , , , 20.262, 0.272405116
 , , , 20.284, 0.272405116
 , , , 20.306, 0.272405116
 , , , 20.328, 0.272405116
 , , , 20.35, 0.272405116
 , , , 20.372, 0.272405116
 , , , 20.394, 0.272405116
 , , , 20.416, 0.272405116
 , , , 20.438, 0.272405116
 , , , 20.46, 0.272405116
 , , , 20.482, 0.272405116
 , , , 20.504, 0.272405116
 , , , 20.526, 0.272405116
 , , , 20.548, 0.272405116
 , , , 20.57, 0.272405116
 , , , 20.592, 0.272405116
 , , , 20.614, 0.272405116
 , , , 20.636, 0.272405116
 , , , 20.658, 0.272405116
 , , , 20.68, 0.272405116
 , , , 20.702, 0.272405116
 , , , 20.724, 0.272405116
 , , , 20.746, 0.272405116
 , , , 20.768, 0.272405116
 , , , 20.79, 0.272405116
 , , , 20.812, 0.272405116
 , , , 20.834, 0.272405116
 , , , 20.856, 0.272405116
 , , , 20.878, 0.272405116
 , , , 20.9, 0.272405116
 , , , 20.922, 0.269389781
 , , , 20.944, 0.269389781
 , , , 20.966, 0.269389781
 , , , 20.988, 0.269389781
 , , , 21.01, 0.269389781
 , , , 21.032, 0.269389781
 , , , 21.054, 0.269389781
 , , , 21.076, 0.269389781
 , , , 21.098, 0.269389781
 , , , 21.12, 0.269389781
 , , , 21.142, 0.269389781
 , , , 21.164, 0.269389781
 , , , 21.186, 0.269389781
 , , , 21.208, 0.269389781
 , , , 21.23, 0.269389781
 , , , 21.252, 0.269389781
 , , , 21.274, 0.269389781
 , , , 21.296, 0.269389781
 , , , 21.318, 0.269389781
 , , , 21.34, 0.269389781
 , , , 21.362, 0.269389781
 , , , 21.384, 0.269389781
 , , , 21.406, 0.269389781
 , , , 21.428, 0.269389781
 , , , 21.45, 0.269389781
 , , , 21.472, 0.269389781
 , , , 21.494, 0.269389781
 , , , 21.516, 0.269389781
 , , , 21.538, 0.269389781
 , , , 21.56, 0.269389781
 , , , 21.582, 0.269389781
 , , , 21.604, 0.269389781
 , , , 21.626, 0.269389781
 , , , 21.648, 0.269389781
 , , , 21.67, 0.269389781
 , , , 21.692, 0.269389781
 , , , 21.714, 0.269389781
 , , , 21.736, 0.269389781
 , , , 21.758, 0.269389781
 , , , 21.78, 0.269389781
 , , , 21.802, 0.269389781
 , , , 21.824, 0.269389781
 , , , 21.846, 0.269389781
 , , , 21.868, 0.269389781
 , , , 21.89, 0.269389781
 , , , 21.912, 0.252372168
 , , , 21.934, 0.252372168
 , , , 21.956, 0.252372168
 , , , 21.978, 0.252372168
