% xData0 , data0, errData0, xTheory0 , theory0
7.9839, 0.3723, 0.0077, 0.025, 0
6.9821, 0.4267, 0.0084, 0.05, 0
5.9812, 0.4957, 0.0086, 0.075, 0
4.981, 0.5366, 0.009, 0.1, 0
3.9812, 0.5488, 0.0096, 0.125, 0.571325366
8.9849, 0.3194, 0.0071, 0.15, 0.571325366
9.9839, 0.2868, 0.0071, 0.175, 0.571325366
10.9817, 0.2461, 0.007, 0.2, 0.571325366
11.9838, 0.2126, 0.0074, 0.225, 0.571325366
12.9836, 0.1806, 0.0078, 0.25, 0.571325366
13.9955, 0.1447, 0.0078, 0.275, 0.571325366
14.9947, 0.1187, 0.0083, 0.3, 0.571325366
15.995, 0.0745, 0.0078, 0.325, 0.571325366
17.9948, 0.0716, 0.0087, 0.35, 0.571325366
19.9966, 0.0492, 0.0073, 0.375, 0.571325366
7.9801, 0.3491, 0.0116, 0.4, 0.571325366
 , , , 0.425, 0.571325366
 , , , 0.45, 0.571325366
 , , , 0.475, 0.571325366
 , , , 0.5, 0.571325366
 , , , 0.525, 0.571325366
 , , , 0.55, 0.571325366
 , , , 0.575, 0.571325366
 , , , 0.6, 0.571325366
 , , , 0.625, 0.571325366
 , , , 0.65, 0.571325366
 , , , 0.675, 0.571325366
 , , , 0.7, 0.571325366
 , , , 0.725, 0.571325366
 , , , 0.75, 0.571325366
 , , , 0.775, 0.571325366
 , , , 0.8, 0.571325366
 , , , 0.825, 0.571325366
 , , , 0.85, 0.571325366
 , , , 0.875, 0.571325366
 , , , 0.9, 0.571325366
 , , , 0.925, 0.571325366
 , , , 0.95, 0.571325366
 , , , 0.975, 0.571325366
 , , , 1, 0.571325366
 , , , 1.025, 0.571325366
 , , , 1.05, 0.571325366
 , , , 1.075, 0.571325366
 , , , 1.1, 0.571325366
 , , , 1.125, 0.571325366
 , , , 1.15, 0.571325366
 , , , 1.175, 0.571325366
 , , , 1.2, 0.571325366
 , , , 1.225, 0.571325366
 , , , 1.25, 0.571325366
 , , , 1.275, 0.571325366
 , , , 1.3, 0.571325366
 , , , 1.325, 0.571325366
 , , , 1.35, 0.571325366
 , , , 1.375, 0.571325366
 , , , 1.4, 0.571325366
 , , , 1.425, 0.571325366
 , , , 1.45, 0.571325366
 , , , 1.475, 0.571325366
 , , , 1.5, 0.571325366
 , , , 1.525, 0.571325366
 , , , 1.55, 0.571325366
 , , , 1.575, 0.571325366
 , , , 1.6, 0.571325366
 , , , 1.625, 0.571325366
 , , , 1.65, 0.571325366
 , , , 1.675, 0.571325366
 , , , 1.7, 0.571325366
 , , , 1.725, 0.571325366
 , , , 1.75, 0.571325366
 , , , 1.775, 0.571325366
 , , , 1.8, 0.571325366
 , , , 1.825, 0.571325366
 , , , 1.85, 0.571325366
 , , , 1.875, 0.571325366
 , , , 1.9, 0.571325366
 , , , 1.925, 0.571325366
 , , , 1.95, 0.571325366
 , , , 1.975, 0.571325366
 , , , 2, 0.571325366
 , , , 2.025, 0.571322442
 , , , 2.05, 0.571322442
 , , , 2.075, 0.571322442
 , , , 2.1, 0.571322442
 , , , 2.125, 0.571322442
 , , , 2.15, 0.571322442
 , , , 2.175, 0.571322442
 , , , 2.2, 0.571322442
 , , , 2.225, 0.571322442
 , , , 2.25, 0.571322442
 , , , 2.275, 0.571322442
 , , , 2.3, 0.571322442
 , , , 2.325, 0.571322442
 , , , 2.35, 0.571322442
 , , , 2.375, 0.571322442
 , , , 2.4, 0.571322442
 , , , 2.425, 0.571322442
 , , , 2.45, 0.571322442
 , , , 2.475, 0.571322442
 , , , 2.5, 0.571322442
 , , , 2.525, 0.571322442
 , , , 2.55, 0.571322442
 , , , 2.575, 0.571322442
 , , , 2.6, 0.571322442
 , , , 2.625, 0.571322442
 , , , 2.65, 0.571322442
 , , , 2.675, 0.571322442
 , , , 2.7, 0.571322442
 , , , 2.725, 0.571322442
 , , , 2.75, 0.571322442
 , , , 2.775, 0.571322442
 , , , 2.8, 0.571322442
 , , , 2.825, 0.571322442
 , , , 2.85, 0.571322442
 , , , 2.875, 0.571322442
 , , , 2.9, 0.571322442
 , , , 2.925, 0.571322442
 , , , 2.95, 0.571322442
 , , , 2.975, 0.571322442
 , , , 3, 0.571322442
 , , , 3.025, 0.57038131
 , , , 3.05, 0.57038131
 , , , 3.075, 0.57038131
 , , , 3.1, 0.57038131
 , , , 3.125, 0.57038131
 , , , 3.15, 0.57038131
 , , , 3.175, 0.57038131
 , , , 3.2, 0.57038131
 , , , 3.225, 0.57038131
 , , , 3.25, 0.57038131
 , , , 3.275, 0.57038131
 , , , 3.3, 0.57038131
 , , , 3.325, 0.57038131
 , , , 3.35, 0.57038131
 , , , 3.375, 0.57038131
 , , , 3.4, 0.57038131
 , , , 3.425, 0.57038131
 , , , 3.45, 0.57038131
 , , , 3.475, 0.57038131
 , , , 3.5, 0.57038131
 , , , 3.525, 0.57038131
 , , , 3.55, 0.57038131
 , , , 3.575, 0.57038131
 , , , 3.6, 0.57038131
 , , , 3.625, 0.57038131
 , , , 3.65, 0.57038131
 , , , 3.675, 0.57038131
 , , , 3.7, 0.57038131
 , , , 3.725, 0.57038131
 , , , 3.75, 0.57038131
 , , , 3.775, 0.57038131
 , , , 3.8, 0.57038131
 , , , 3.825, 0.57038131
 , , , 3.85, 0.57038131
 , , , 3.875, 0.57038131
 , , , 3.9, 0.57038131
 , , , 3.925, 0.57038131
 , , , 3.95, 0.57038131
 , , , 3.975, 0.57038131
 , , , 4, 0.57038131
 , , , 4.025, 0.546789737
 , , , 4.05, 0.546789737
 , , , 4.075, 0.546789737
 , , , 4.1, 0.546789737
 , , , 4.125, 0.546789737
 , , , 4.15, 0.546789737
 , , , 4.175, 0.546789737
 , , , 4.2, 0.546789737
 , , , 4.225, 0.546789737
 , , , 4.25, 0.546789737
 , , , 4.275, 0.546789737
 , , , 4.3, 0.546789737
 , , , 4.325, 0.546789737
 , , , 4.35, 0.546789737
 , , , 4.375, 0.546789737
 , , , 4.4, 0.546789737
 , , , 4.425, 0.546789737
 , , , 4.45, 0.546789737
 , , , 4.475, 0.546789737
 , , , 4.5, 0.546789737
 , , , 4.525, 0.546789737
 , , , 4.55, 0.546789737
 , , , 4.575, 0.546789737
 , , , 4.6, 0.546789737
 , , , 4.625, 0.546789737
 , , , 4.65, 0.546789737
 , , , 4.675, 0.546789737
 , , , 4.7, 0.546789737
 , , , 4.725, 0.546789737
 , , , 4.75, 0.546789737
 , , , 4.775, 0.546789737
 , , , 4.8, 0.546789737
 , , , 4.825, 0.546789737
 , , , 4.85, 0.546789737
 , , , 4.875, 0.546789737
 , , , 4.9, 0.546789737
 , , , 4.925, 0.546789737
 , , , 4.95, 0.546789737
 , , , 4.975, 0.546789737
 , , , 5, 0.473046279
 , , , 5.025, 0.473046279
 , , , 5.05, 0.473046279
 , , , 5.075, 0.473046279
 , , , 5.1, 0.473046279
 , , , 5.125, 0.473046279
 , , , 5.15, 0.473046279
 , , , 5.175, 0.473046279
 , , , 5.2, 0.473046279
 , , , 5.225, 0.473046279
 , , , 5.25, 0.473046279
 , , , 5.275, 0.473046279
 , , , 5.3, 0.473046279
 , , , 5.325, 0.473046279
 , , , 5.35, 0.473046279
 , , , 5.375, 0.473046279
 , , , 5.4, 0.473046279
 , , , 5.425, 0.473046279
 , , , 5.45, 0.473046279
 , , , 5.475, 0.473046279
 , , , 5.5, 0.473046279
 , , , 5.525, 0.473046279
 , , , 5.55, 0.473046279
 , , , 5.575, 0.473046279
 , , , 5.6, 0.473046279
 , , , 5.625, 0.473046279
 , , , 5.65, 0.473046279
 , , , 5.675, 0.473046279
 , , , 5.7, 0.473046279
 , , , 5.725, 0.473046279
 , , , 5.75, 0.473046279
 , , , 5.775, 0.473046279
 , , , 5.8, 0.473046279
 , , , 5.825, 0.473046279
 , , , 5.85, 0.473046279
 , , , 5.875, 0.473046279
 , , , 5.9, 0.473046279
 , , , 5.925, 0.473046279
 , , , 5.95, 0.473046279
 , , , 5.975, 0.473046279
 , , , 6, 0.400134087
 , , , 6.025, 0.400134087
 , , , 6.05, 0.400134087
 , , , 6.075, 0.400134087
 , , , 6.1, 0.400134087
 , , , 6.125, 0.400134087
 , , , 6.15, 0.400134087
 , , , 6.175, 0.400134087
 , , , 6.2, 0.400134087
 , , , 6.225, 0.400134087
 , , , 6.25, 0.400134087
 , , , 6.275, 0.400134087
 , , , 6.3, 0.400134087
 , , , 6.325, 0.400134087
 , , , 6.35, 0.400134087
 , , , 6.375, 0.400134087
 , , , 6.4, 0.400134087
 , , , 6.425, 0.400134087
 , , , 6.45, 0.400134087
 , , , 6.475, 0.400134087
 , , , 6.5, 0.400134087
 , , , 6.525, 0.400134087
 , , , 6.55, 0.400134087
 , , , 6.575, 0.400134087
 , , , 6.6, 0.400134087
 , , , 6.625, 0.400134087
 , , , 6.65, 0.400134087
 , , , 6.675, 0.400134087
 , , , 6.7, 0.400134087
 , , , 6.725, 0.400134087
 , , , 6.75, 0.400134087
 , , , 6.775, 0.400134087
 , , , 6.8, 0.400134087
 , , , 6.825, 0.400134087
 , , , 6.85, 0.400134087
 , , , 6.875, 0.400134087
 , , , 6.9, 0.400134087
 , , , 6.925, 0.400134087
 , , , 6.95, 0.400134087
 , , , 6.975, 0.400134087
 , , , 7, 0.354042218
 , , , 7.025, 0.354042218
 , , , 7.05, 0.354042218
 , , , 7.075, 0.354042218
 , , , 7.1, 0.354042218
 , , , 7.125, 0.354042218
 , , , 7.15, 0.354042218
 , , , 7.175, 0.354042218
 , , , 7.2, 0.354042218
 , , , 7.225, 0.354042218
 , , , 7.25, 0.354042218
 , , , 7.275, 0.354042218
 , , , 7.3, 0.354042218
 , , , 7.325, 0.354042218
 , , , 7.35, 0.354042218
 , , , 7.375, 0.354042218
 , , , 7.4, 0.354042218
 , , , 7.425, 0.354042218
 , , , 7.45, 0.354042218
 , , , 7.475, 0.354042218
 , , , 7.5, 0.354042218
 , , , 7.525, 0.354042218
 , , , 7.55, 0.354042218
 , , , 7.575, 0.354042218
 , , , 7.6, 0.354042218
 , , , 7.625, 0.354042218
 , , , 7.65, 0.354042218
 , , , 7.675, 0.354042218
 , , , 7.7, 0.354042218
 , , , 7.725, 0.354042218
 , , , 7.75, 0.354042218
 , , , 7.775, 0.354042218
 , , , 7.8, 0.354042218
 , , , 7.825, 0.354042218
 , , , 7.85, 0.354042218
 , , , 7.875, 0.354042218
 , , , 7.9, 0.354042218
 , , , 7.925, 0.354042218
 , , , 7.95, 0.354042218
 , , , 7.975, 0.354042218
 , , , 8, 0.328451244
 , , , 8.025, 0.328451244
 , , , 8.05, 0.328451244
 , , , 8.075, 0.328451244
 , , , 8.1, 0.328451244
 , , , 8.125, 0.328451244
 , , , 8.15, 0.328451244
 , , , 8.175, 0.328451244
 , , , 8.2, 0.328451244
 , , , 8.225, 0.328451244
 , , , 8.25, 0.328451244
 , , , 8.275, 0.328451244
 , , , 8.3, 0.328451244
 , , , 8.325, 0.328451244
 , , , 8.35, 0.328451244
 , , , 8.375, 0.328451244
 , , , 8.4, 0.328451244
 , , , 8.425, 0.328451244
 , , , 8.45, 0.328451244
 , , , 8.475, 0.328451244
 , , , 8.5, 0.328451244
 , , , 8.525, 0.328451244
 , , , 8.55, 0.328451244
 , , , 8.575, 0.328451244
 , , , 8.6, 0.328451244
 , , , 8.625, 0.328451244
 , , , 8.65, 0.328451244
 , , , 8.675, 0.328451244
 , , , 8.7, 0.328451244
 , , , 8.725, 0.328451244
 , , , 8.75, 0.328451244
 , , , 8.775, 0.328451244
 , , , 8.8, 0.328451244
 , , , 8.825, 0.328451244
 , , , 8.85, 0.328451244
 , , , 8.875, 0.328451244
 , , , 8.9, 0.328451244
 , , , 8.925, 0.328451244
 , , , 8.95, 0.328451244
 , , , 8.975, 0.328451244
 , , , 9, 0.308653597
 , , , 9.025, 0.308653597
 , , , 9.05, 0.308653597
 , , , 9.075, 0.308653597
 , , , 9.1, 0.308653597
 , , , 9.125, 0.308653597
 , , , 9.15, 0.308653597
 , , , 9.175, 0.308653597
 , , , 9.2, 0.308653597
 , , , 9.225, 0.308653597
 , , , 9.25, 0.308653597
 , , , 9.275, 0.308653597
 , , , 9.3, 0.308653597
 , , , 9.325, 0.308653597
 , , , 9.35, 0.308653597
 , , , 9.375, 0.308653597
 , , , 9.4, 0.308653597
 , , , 9.425, 0.308653597
 , , , 9.45, 0.308653597
 , , , 9.475, 0.308653597
 , , , 9.5, 0.308653597
 , , , 9.525, 0.308653597
 , , , 9.55, 0.308653597
 , , , 9.575, 0.308653597
 , , , 9.6, 0.308653597
 , , , 9.625, 0.308653597
 , , , 9.65, 0.308653597
 , , , 9.675, 0.308653597
 , , , 9.7, 0.308653597
 , , , 9.725, 0.308653597
 , , , 9.75, 0.308653597
 , , , 9.775, 0.308653597
 , , , 9.8, 0.308653597
 , , , 9.825, 0.308653597
 , , , 9.85, 0.308653597
 , , , 9.875, 0.308653597
 , , , 9.9, 0.308653597
 , , , 9.925, 0.308653597
 , , , 9.95, 0.308653597
 , , , 9.975, 0.308653597
 , , , 10, 0.266112036
 , , , 10.025, 0.266112036
 , , , 10.05, 0.266112036
 , , , 10.075, 0.266112036
 , , , 10.1, 0.266112036
 , , , 10.125, 0.266112036
 , , , 10.15, 0.266112036
 , , , 10.175, 0.266112036
 , , , 10.2, 0.266112036
 , , , 10.225, 0.266112036
 , , , 10.25, 0.266112036
 , , , 10.275, 0.266112036
 , , , 10.3, 0.266112036
 , , , 10.325, 0.266112036
 , , , 10.35, 0.266112036
 , , , 10.375, 0.266112036
 , , , 10.4, 0.266112036
 , , , 10.425, 0.266112036
 , , , 10.45, 0.266112036
 , , , 10.475, 0.266112036
 , , , 10.5, 0.266112036
 , , , 10.525, 0.266112036
 , , , 10.55, 0.266112036
 , , , 10.575, 0.266112036
 , , , 10.6, 0.266112036
 , , , 10.625, 0.266112036
 , , , 10.65, 0.266112036
 , , , 10.675, 0.266112036
 , , , 10.7, 0.266112036
 , , , 10.725, 0.266112036
 , , , 10.75, 0.266112036
 , , , 10.775, 0.266112036
 , , , 10.8, 0.266112036
 , , , 10.825, 0.266112036
 , , , 10.85, 0.266112036
 , , , 10.875, 0.266112036
 , , , 10.9, 0.266112036
 , , , 10.925, 0.266112036
 , , , 10.95, 0.266112036
 , , , 10.975, 0.266112036
 , , , 11, 0.205496948
 , , , 11.025, 0.205496948
 , , , 11.05, 0.205496948
 , , , 11.075, 0.205496948
 , , , 11.1, 0.205496948
 , , , 11.125, 0.205496948
 , , , 11.15, 0.205496948
 , , , 11.175, 0.205496948
 , , , 11.2, 0.205496948
 , , , 11.225, 0.205496948
 , , , 11.25, 0.205496948
 , , , 11.275, 0.205496948
 , , , 11.3, 0.205496948
 , , , 11.325, 0.205496948
 , , , 11.35, 0.205496948
 , , , 11.375, 0.205496948
 , , , 11.4, 0.205496948
 , , , 11.425, 0.205496948
 , , , 11.45, 0.205496948
 , , , 11.475, 0.205496948
 , , , 11.5, 0.205496948
 , , , 11.525, 0.205496948
 , , , 11.55, 0.205496948
 , , , 11.575, 0.205496948
 , , , 11.6, 0.205496948
 , , , 11.625, 0.205496948
 , , , 11.65, 0.205496948
 , , , 11.675, 0.205496948
 , , , 11.7, 0.205496948
 , , , 11.725, 0.205496948
 , , , 11.75, 0.205496948
 , , , 11.775, 0.205496948
 , , , 11.8, 0.205496948
 , , , 11.825, 0.205496948
 , , , 11.85, 0.205496948
 , , , 11.875, 0.205496948
 , , , 11.9, 0.205496948
 , , , 11.925, 0.205496948
 , , , 11.95, 0.205496948
 , , , 11.975, 0.205496948
 , , , 12, 0.155264225
 , , , 12.025, 0.155264225
 , , , 12.05, 0.155264225
 , , , 12.075, 0.155264225
 , , , 12.1, 0.155264225
 , , , 12.125, 0.155264225
 , , , 12.15, 0.155264225
 , , , 12.175, 0.155264225
 , , , 12.2, 0.155264225
 , , , 12.225, 0.155264225
 , , , 12.25, 0.155264225
 , , , 12.275, 0.155264225
 , , , 12.3, 0.155264225
 , , , 12.325, 0.155264225
 , , , 12.35, 0.155264225
 , , , 12.375, 0.155264225
 , , , 12.4, 0.155264225
 , , , 12.425, 0.155264225
 , , , 12.45, 0.155264225
 , , , 12.475, 0.155264225
 , , , 12.5, 0.155264225
 , , , 12.525, 0.155264225
 , , , 12.55, 0.155264225
 , , , 12.575, 0.155264225
 , , , 12.6, 0.155264225
 , , , 12.625, 0.155264225
 , , , 12.65, 0.155264225
 , , , 12.675, 0.155264225
 , , , 12.7, 0.155264225
 , , , 12.725, 0.155264225
 , , , 12.75, 0.155264225
 , , , 12.775, 0.155264225
 , , , 12.8, 0.155264225
 , , , 12.825, 0.155264225
 , , , 12.85, 0.155264225
 , , , 12.875, 0.155264225
 , , , 12.9, 0.155264225
 , , , 12.925, 0.155264225
 , , , 12.95, 0.155264225
 , , , 12.975, 0.155264225
 , , , 13, 0.122335955
 , , , 13.025, 0.122335955
 , , , 13.05, 0.122335955
 , , , 13.075, 0.122335955
 , , , 13.1, 0.122335955
 , , , 13.125, 0.122335955
 , , , 13.15, 0.122335955
 , , , 13.175, 0.122335955
 , , , 13.2, 0.122335955
 , , , 13.225, 0.122335955
 , , , 13.25, 0.122335955
 , , , 13.275, 0.122335955
 , , , 13.3, 0.122335955
 , , , 13.325, 0.122335955
 , , , 13.35, 0.122335955
 , , , 13.375, 0.122335955
 , , , 13.4, 0.122335955
 , , , 13.425, 0.122335955
 , , , 13.45, 0.122335955
 , , , 13.475, 0.122335955
 , , , 13.5, 0.122335955
 , , , 13.525, 0.122335955
 , , , 13.55, 0.122335955
 , , , 13.575, 0.122335955
 , , , 13.6, 0.122335955
 , , , 13.625, 0.122335955
 , , , 13.65, 0.122335955
 , , , 13.675, 0.122335955
 , , , 13.7, 0.122335955
 , , , 13.725, 0.122335955
 , , , 13.75, 0.122335955
 , , , 13.775, 0.122335955
 , , , 13.8, 0.122335955
 , , , 13.825, 0.122335955
 , , , 13.85, 0.122335955
 , , , 13.875, 0.122335955
 , , , 13.9, 0.122335955
 , , , 13.925, 0.122335955
 , , , 13.95, 0.122335955
 , , , 13.975, 0.122335955
 , , , 14, 0.10207551
 , , , 14.025, 0.10207551
 , , , 14.05, 0.10207551
 , , , 14.075, 0.10207551
 , , , 14.1, 0.10207551
 , , , 14.125, 0.10207551
 , , , 14.15, 0.10207551
 , , , 14.175, 0.10207551
 , , , 14.2, 0.10207551
 , , , 14.225, 0.10207551
 , , , 14.25, 0.10207551
 , , , 14.275, 0.10207551
 , , , 14.3, 0.10207551
 , , , 14.325, 0.10207551
 , , , 14.35, 0.10207551
 , , , 14.375, 0.10207551
 , , , 14.4, 0.10207551
 , , , 14.425, 0.10207551
 , , , 14.45, 0.10207551
 , , , 14.475, 0.10207551
 , , , 14.5, 0.10207551
 , , , 14.525, 0.10207551
 , , , 14.55, 0.10207551
 , , , 14.575, 0.10207551
 , , , 14.6, 0.10207551
 , , , 14.625, 0.10207551
 , , , 14.65, 0.10207551
 , , , 14.675, 0.10207551
 , , , 14.7, 0.10207551
 , , , 14.725, 0.10207551
 , , , 14.75, 0.10207551
 , , , 14.775, 0.10207551
 , , , 14.8, 0.10207551
 , , , 14.825, 0.10207551
 , , , 14.85, 0.10207551
 , , , 14.875, 0.10207551
 , , , 14.9, 0.10207551
 , , , 14.925, 0.10207551
 , , , 14.95, 0.10207551
 , , , 14.975, 0.10207551
 , , , 15, 0.090601915
 , , , 15.025, 0.090601915
 , , , 15.05, 0.090601915
 , , , 15.075, 0.090601915
 , , , 15.1, 0.090601915
 , , , 15.125, 0.090601915
 , , , 15.15, 0.090601915
 , , , 15.175, 0.090601915
 , , , 15.2, 0.090601915
 , , , 15.225, 0.090601915
 , , , 15.25, 0.090601915
 , , , 15.275, 0.090601915
 , , , 15.3, 0.090601915
 , , , 15.325, 0.090601915
 , , , 15.35, 0.090601915
 , , , 15.375, 0.090601915
 , , , 15.4, 0.090601915
 , , , 15.425, 0.090601915
 , , , 15.45, 0.090601915
 , , , 15.475, 0.090601915
 , , , 15.5, 0.090601915
 , , , 15.525, 0.090601915
 , , , 15.55, 0.090601915
 , , , 15.575, 0.090601915
 , , , 15.6, 0.090601915
 , , , 15.625, 0.090601915
 , , , 15.65, 0.090601915
 , , , 15.675, 0.090601915
 , , , 15.7, 0.090601915
 , , , 15.725, 0.090601915
 , , , 15.75, 0.090601915
 , , , 15.775, 0.090601915
 , , , 15.8, 0.090601915
 , , , 15.825, 0.090601915
 , , , 15.85, 0.090601915
 , , , 15.875, 0.090601915
 , , , 15.9, 0.090601915
 , , , 15.925, 0.090601915
 , , , 15.95, 0.090601915
 , , , 15.975, 0.090601915
 , , , 16, 0.0832214935
 , , , 16.025, 0.0832214935
 , , , 16.05, 0.0832214935
 , , , 16.075, 0.0832214935
 , , , 16.1, 0.0832214935
 , , , 16.125, 0.0832214935
 , , , 16.15, 0.0832214935
 , , , 16.175, 0.0832214935
 , , , 16.2, 0.0832214935
 , , , 16.225, 0.0832214935
 , , , 16.25, 0.0832214935
 , , , 16.275, 0.0832214935
 , , , 16.3, 0.0832214935
 , , , 16.325, 0.0832214935
 , , , 16.35, 0.0832214935
 , , , 16.375, 0.0832214935
 , , , 16.4, 0.0832214935
 , , , 16.425, 0.0832214935
 , , , 16.45, 0.0832214935
 , , , 16.475, 0.0832214935
 , , , 16.5, 0.0832214935
 , , , 16.525, 0.0832214935
 , , , 16.55, 0.0832214935
 , , , 16.575, 0.0832214935
 , , , 16.6, 0.0832214935
 , , , 16.625, 0.0832214935
 , , , 16.65, 0.0832214935
 , , , 16.675, 0.0832214935
 , , , 16.7, 0.0832214935
 , , , 16.725, 0.0832214935
 , , , 16.75, 0.0832214935
 , , , 16.775, 0.0832214935
 , , , 16.8, 0.0832214935
 , , , 16.825, 0.0832214935
 , , , 16.85, 0.0832214935
 , , , 16.875, 0.0832214935
 , , , 16.9, 0.0832214935
 , , , 16.925, 0.0832214935
 , , , 16.95, 0.0832214935
 , , , 16.975, 0.0832214935
 , , , 17, 0.0781286133
 , , , 17.025, 0.0781286133
 , , , 17.05, 0.0781286133
 , , , 17.075, 0.0781286133
 , , , 17.1, 0.0781286133
 , , , 17.125, 0.0781286133
 , , , 17.15, 0.0781286133
 , , , 17.175, 0.0781286133
 , , , 17.2, 0.0781286133
 , , , 17.225, 0.0781286133
 , , , 17.25, 0.0781286133
 , , , 17.275, 0.0781286133
 , , , 17.3, 0.0781286133
 , , , 17.325, 0.0781286133
 , , , 17.35, 0.0781286133
 , , , 17.375, 0.0781286133
 , , , 17.4, 0.0781286133
 , , , 17.425, 0.0781286133
 , , , 17.45, 0.0781286133
 , , , 17.475, 0.0781286133
 , , , 17.5, 0.0781286133
 , , , 17.525, 0.0781286133
 , , , 17.55, 0.0781286133
 , , , 17.575, 0.0781286133
 , , , 17.6, 0.0781286133
 , , , 17.625, 0.0781286133
 , , , 17.65, 0.0781286133
 , , , 17.675, 0.0781286133
 , , , 17.7, 0.0781286133
 , , , 17.725, 0.0781286133
 , , , 17.75, 0.0781286133
 , , , 17.775, 0.0781286133
 , , , 17.8, 0.0781286133
 , , , 17.825, 0.0781286133
 , , , 17.85, 0.0781286133
 , , , 17.875, 0.0781286133
 , , , 17.9, 0.0781286133
 , , , 17.925, 0.0781286133
 , , , 17.95, 0.0781286133
 , , , 17.975, 0.0781286133
 , , , 18, 0.0751265814
 , , , 18.025, 0.0751265814
 , , , 18.05, 0.0751265814
 , , , 18.075, 0.0751265814
 , , , 18.1, 0.0751265814
 , , , 18.125, 0.0751265814
 , , , 18.15, 0.0751265814
 , , , 18.175, 0.0751265814
 , , , 18.2, 0.0751265814
 , , , 18.225, 0.0751265814
 , , , 18.25, 0.0751265814
 , , , 18.275, 0.0751265814
 , , , 18.3, 0.0751265814
 , , , 18.325, 0.0751265814
 , , , 18.35, 0.0751265814
 , , , 18.375, 0.0751265814
 , , , 18.4, 0.0751265814
 , , , 18.425, 0.0751265814
 , , , 18.45, 0.0751265814
 , , , 18.475, 0.0751265814
 , , , 18.5, 0.0751265814
 , , , 18.525, 0.0751265814
 , , , 18.55, 0.0751265814
 , , , 18.575, 0.0751265814
 , , , 18.6, 0.0751265814
 , , , 18.625, 0.0751265814
 , , , 18.65, 0.0751265814
 , , , 18.675, 0.0751265814
 , , , 18.7, 0.0751265814
 , , , 18.725, 0.0751265814
 , , , 18.75, 0.0751265814
 , , , 18.775, 0.0751265814
 , , , 18.8, 0.0751265814
 , , , 18.825, 0.0751265814
 , , , 18.85, 0.0751265814
 , , , 18.875, 0.0751265814
 , , , 18.9, 0.0751265814
 , , , 18.925, 0.0751265814
 , , , 18.95, 0.0751265814
 , , , 18.975, 0.0751265814
 , , , 19, 0.0751265814
 , , , 19.025, 0.0734679928
 , , , 19.05, 0.0734679928
 , , , 19.075, 0.0734679928
 , , , 19.1, 0.0734679928
 , , , 19.125, 0.0734679928
 , , , 19.15, 0.0734679928
 , , , 19.175, 0.0734679928
 , , , 19.2, 0.0734679928
 , , , 19.225, 0.0734679928
 , , , 19.25, 0.0734679928
 , , , 19.275, 0.0734679928
 , , , 19.3, 0.0734679928
 , , , 19.325, 0.0734679928
 , , , 19.35, 0.0734679928
 , , , 19.375, 0.0734679928
 , , , 19.4, 0.0734679928
 , , , 19.425, 0.0734679928
 , , , 19.45, 0.0734679928
 , , , 19.475, 0.0734679928
 , , , 19.5, 0.0734679928
 , , , 19.525, 0.0734679928
 , , , 19.55, 0.0734679928
 , , , 19.575, 0.0734679928
 , , , 19.6, 0.0734679928
 , , , 19.625, 0.0734679928
 , , , 19.65, 0.0734679928
 , , , 19.675, 0.0734679928
 , , , 19.7, 0.0734679928
 , , , 19.725, 0.0734679928
 , , , 19.75, 0.0734679928
 , , , 19.775, 0.0734679928
 , , , 19.8, 0.0734679928
 , , , 19.825, 0.0734679928
 , , , 19.85, 0.0734679928
 , , , 19.875, 0.0734679928
 , , , 19.9, 0.0734679928
 , , , 19.925, 0.0734679928
 , , , 19.95, 0.0734679928
 , , , 19.975, 0.0734679928
 , , , 20, 0.0734679928
 , , , 20.025, 0.0716378477
 , , , 20.05, 0.0716378477
 , , , 20.075, 0.0716378477
 , , , 20.1, 0.0716378477
 , , , 20.125, 0.0716378477
 , , , 20.15, 0.0716378477
 , , , 20.175, 0.0716378477
 , , , 20.2, 0.0716378477
 , , , 20.225, 0.0716378477
 , , , 20.25, 0.0716378477
 , , , 20.275, 0.0716378477
 , , , 20.3, 0.0716378477
 , , , 20.325, 0.0716378477
 , , , 20.35, 0.0716378477
 , , , 20.375, 0.0716378477
 , , , 20.4, 0.0716378477
 , , , 20.425, 0.0716378477
 , , , 20.45, 0.0716378477
 , , , 20.475, 0.0716378477
 , , , 20.5, 0.0716378477
 , , , 20.525, 0.0716378477
 , , , 20.55, 0.0716378477
 , , , 20.575, 0.0716378477
 , , , 20.6, 0.0716378477
 , , , 20.625, 0.0716378477
 , , , 20.65, 0.0716378477
 , , , 20.675, 0.0716378477
 , , , 20.7, 0.0716378477
 , , , 20.725, 0.0716378477
 , , , 20.75, 0.0716378477
 , , , 20.775, 0.0716378477
 , , , 20.8, 0.0716378477
 , , , 20.825, 0.0716378477
 , , , 20.85, 0.0716378477
 , , , 20.875, 0.0716378477
 , , , 20.9, 0.0716378477
 , , , 20.925, 0.0716378477
 , , , 20.95, 0.0716378477
 , , , 20.975, 0.0716378477
 , , , 21, 0.0716378477
 , , , 21.025, 0.0707567156
 , , , 21.05, 0.0707567156
 , , , 21.075, 0.0707567156
 , , , 21.1, 0.0707567156
 , , , 21.125, 0.0707567156
 , , , 21.15, 0.0707567156
 , , , 21.175, 0.0707567156
 , , , 21.2, 0.0707567156
 , , , 21.225, 0.0707567156
 , , , 21.25, 0.0707567156
 , , , 21.275, 0.0707567156
 , , , 21.3, 0.0707567156
 , , , 21.325, 0.0707567156
 , , , 21.35, 0.0707567156
 , , , 21.375, 0.0707567156
 , , , 21.4, 0.0707567156
 , , , 21.425, 0.0707567156
 , , , 21.45, 0.0707567156
 , , , 21.475, 0.0707567156
 , , , 21.5, 0.0707567156
 , , , 21.525, 0.0707567156
 , , , 21.55, 0.0707567156
 , , , 21.575, 0.0707567156
 , , , 21.6, 0.0707567156
 , , , 21.625, 0.0707567156
 , , , 21.65, 0.0707567156
 , , , 21.675, 0.0707567156
 , , , 21.7, 0.0707567156
 , , , 21.725, 0.0707567156
 , , , 21.75, 0.0707567156
 , , , 21.775, 0.0707567156
 , , , 21.8, 0.0707567156
 , , , 21.825, 0.0707567156
 , , , 21.85, 0.0707567156
 , , , 21.875, 0.0707567156
 , , , 21.9, 0.0707567156
 , , , 21.925, 0.0707567156
 , , , 21.95, 0.0707567156
 , , , 21.975, 0.0707567156
 , , , 22, 0.0707567156
 , , , 22.025, 0.0698497117
 , , , 22.05, 0.0698497117
 , , , 22.075, 0.0698497117
 , , , 22.1, 0.0698497117
 , , , 22.125, 0.0698497117
 , , , 22.15, 0.0698497117
 , , , 22.175, 0.0698497117
 , , , 22.2, 0.0698497117
 , , , 22.225, 0.0698497117
 , , , 22.25, 0.0698497117
 , , , 22.275, 0.0698497117
 , , , 22.3, 0.0698497117
 , , , 22.325, 0.0698497117
 , , , 22.35, 0.0698497117
 , , , 22.375, 0.0698497117
 , , , 22.4, 0.0698497117
 , , , 22.425, 0.0698497117
 , , , 22.45, 0.0698497117
 , , , 22.475, 0.0698497117
 , , , 22.5, 0.0698497117
 , , , 22.525, 0.0698497117
 , , , 22.55, 0.0698497117
 , , , 22.575, 0.0698497117
 , , , 22.6, 0.0698497117
 , , , 22.625, 0.0698497117
 , , , 22.65, 0.0698497117
 , , , 22.675, 0.0698497117
 , , , 22.7, 0.0698497117
 , , , 22.725, 0.0698497117
 , , , 22.75, 0.0698497117
 , , , 22.775, 0.0698497117
 , , , 22.8, 0.0698497117
 , , , 22.825, 0.0698497117
 , , , 22.85, 0.0698497117
 , , , 22.875, 0.0698497117
 , , , 22.9, 0.0698497117
 , , , 22.925, 0.0698497117
 , , , 22.95, 0.0698497117
 , , , 22.975, 0.0698497117
 , , , 23, 0.0698497117
 , , , 23.025, 0.0694106975
 , , , 23.05, 0.0694106975
 , , , 23.075, 0.0694106975
 , , , 23.1, 0.0694106975
 , , , 23.125, 0.0694106975
 , , , 23.15, 0.0694106975
 , , , 23.175, 0.0694106975
 , , , 23.2, 0.0694106975
 , , , 23.225, 0.0694106975
 , , , 23.25, 0.0694106975
 , , , 23.275, 0.0694106975
 , , , 23.3, 0.0694106975
 , , , 23.325, 0.0694106975
 , , , 23.35, 0.0694106975
 , , , 23.375, 0.0694106975
 , , , 23.4, 0.0694106975
 , , , 23.425, 0.0694106975
 , , , 23.45, 0.0694106975
 , , , 23.475, 0.0694106975
 , , , 23.5, 0.0694106975
 , , , 23.525, 0.0694106975
 , , , 23.55, 0.0694106975
 , , , 23.575, 0.0694106975
 , , , 23.6, 0.0694106975
 , , , 23.625, 0.0694106975
 , , , 23.65, 0.0694106975
 , , , 23.675, 0.0694106975
 , , , 23.7, 0.0694106975
 , , , 23.725, 0.0694106975
 , , , 23.75, 0.0694106975
 , , , 23.775, 0.0694106975
 , , , 23.8, 0.0694106975
 , , , 23.825, 0.0694106975
 , , , 23.85, 0.0694106975
 , , , 23.875, 0.0694106975
 , , , 23.9, 0.0694106975
 , , , 23.925, 0.0694106975
 , , , 23.95, 0.0694106975
 , , , 23.975, 0.0694106975
 , , , 24, 0.0694106975
 , , , 24.025, 0.0689332027
 , , , 24.05, 0.0689332027
 , , , 24.075, 0.0689332027
 , , , 24.1, 0.0689332027
 , , , 24.125, 0.0689332027
 , , , 24.15, 0.0689332027
 , , , 24.175, 0.0689332027
 , , , 24.2, 0.0689332027
 , , , 24.225, 0.0689332027
 , , , 24.25, 0.0689332027
 , , , 24.275, 0.0689332027
 , , , 24.3, 0.0689332027
 , , , 24.325, 0.0689332027
 , , , 24.35, 0.0689332027
 , , , 24.375, 0.0689332027
 , , , 24.4, 0.0689332027
 , , , 24.425, 0.0689332027
 , , , 24.45, 0.0689332027
 , , , 24.475, 0.0689332027
 , , , 24.5, 0.0689332027
 , , , 24.525, 0.0689332027
 , , , 24.55, 0.0689332027
 , , , 24.575, 0.0689332027
 , , , 24.6, 0.0689332027
 , , , 24.625, 0.0689332027
 , , , 24.65, 0.0689332027
 , , , 24.675, 0.0689332027
 , , , 24.7, 0.0689332027
 , , , 24.725, 0.0689332027
 , , , 24.75, 0.0689332027
 , , , 24.775, 0.0689332027
 , , , 24.8, 0.0689332027
 , , , 24.825, 0.0689332027
 , , , 24.85, 0.0689332027
 , , , 24.875, 0.0689332027
 , , , 24.9, 0.0689332027
 , , , 24.925, 0
 , , , 24.95, 0
 , , , 24.975, 0
 , , , 25, 0
